agg:               precision    recall  f1-score   support

           0     0.6999    0.9880    0.8193       996
           1     0.0000    0.0000    0.0000        73
           2     0.0000    0.0000    0.0000        92
           3     0.3934    0.0784    0.1308       306

    accuracy                         0.6871      1467
   macro avg     0.2733    0.2666    0.2375      1467
weighted avg     0.5572    0.6871    0.5835      1467
sel:               precision    recall  f1-score   support

           0     0.7500    0.8451    0.7947       213
           1     0.7731    0.8142    0.7931       226
           2     0.7524    0.7822    0.7670       202
           3     0.8252    0.7296    0.7745       233
           4     0.8027    0.7521    0.7766       238
           5     0.8601    0.8255    0.8425       149
           6     0.7391    0.7234    0.7312        94
           7     0.6875    0.6875    0.6875        48
           8     0.9167    0.8250    0.8684        40
           9     0.8667    0.9286    0.8966        14
          10     0.5714    0.8000    0.6667         5
          11     0.1667    0.5000    0.2500         2
          12     0.3333    0.5000    0.4000         2
          21     0.0000    0.0000    0.0000         1

    accuracy                         0.7819      1467
   macro avg     0.6461    0.6938    0.6606      1467
weighted avg     0.7860    0.7819    0.7825      1467
wn:               precision    recall  f1-score   support

           1     0.9993    1.0000    0.9997      1466
           2     0.0000    0.0000    0.0000         1

    accuracy                         0.9993      1467
   macro avg     0.4997    0.5000    0.4998      1467
weighted avg     0.9986    0.9993    0.9990      1467
wc:               precision    recall  f1-score   support

         {0}     0.7986    0.7789    0.7886       285
        {10}     1.0000    1.0000    1.0000         9
        {11}     0.5714    0.5000    0.5333         8
        {12}     0.5000    1.0000    0.6667         2
        {13}     1.0000    1.0000    1.0000         1
        {14}     1.0000    1.0000    1.0000         1
         {1}     0.7611    0.8113    0.7854       318
         {2}     0.7143    0.7524    0.7329       206
         {3}     0.7287    0.7326    0.7307       187
      {4, 6}     0.0000    0.0000    0.0000         1
         {4}     0.7365    0.7193    0.7278       171
         {5}     0.7474    0.5868    0.6574       121
         {6}     0.7215    0.7308    0.7261        78
         {7}     0.6957    0.6957    0.6957        46
         {8}     0.5652    0.6500    0.6047        20
         {9}     0.8462    0.8462    0.8462        13

    accuracy                         0.7471      1467
   macro avg     0.7117    0.7377    0.7185      1467
weighted avg     0.7475    0.7471    0.7460      1467
op:               precision    recall  f1-score   support

           0     0.9952    1.0000    0.9976      1461
           1     0.0000    0.0000    0.0000         4
           2     0.0000    0.0000    0.0000         3

    accuracy                         0.9952      1468
   macro avg     0.3317    0.3333    0.3325      1468
weighted avg     0.9905    0.9952    0.9929      1468
val:               precision    recall  f1-score   support

    (10, 10)     0.2917    0.3415    0.3146        41
    (10, 11)     0.3333    0.3600    0.3462        25
    (10, 12)     0.6774    0.4773    0.5600        44
    (10, 13)     0.8000    0.6400    0.7111        25
    (10, 14)     0.4091    0.5294    0.4615        17
    (10, 15)     0.3846    0.6250    0.4762         8
    (10, 16)     0.6000    0.7500    0.6667         8
    (10, 17)     0.7500    0.6000    0.6667         5
    (10, 18)     0.6667    1.0000    0.8000         2
    (10, 20)     1.0000    1.0000    1.0000         1
    (10, 21)     1.0000    1.0000    1.0000         1
    (10, 22)     0.0000    0.0000    0.0000         0
    (10, 26)     0.0000    0.0000    0.0000         1
    (10, 30)     0.0000    0.0000    0.0000         0
    (10, 32)     0.0000    0.0000    0.0000         0
    (11, 11)     0.4364    0.4528    0.4444        53
    (11, 12)     0.4583    0.3333    0.3860        33
    (11, 13)     0.6579    0.8065    0.7246        31
    (11, 14)     0.5333    0.6400    0.5818        25
    (11, 15)     0.6667    0.6667    0.6667         6
    (11, 16)     0.4444    0.4444    0.4444         9
    (11, 17)     0.6000    0.5000    0.5455         6
    (11, 18)     1.0000    0.5000    0.6667         2
    (11, 19)     0.5000    0.5000    0.5000         2
    (11, 20)     1.0000    1.0000    1.0000         1
    (11, 25)     0.0000    0.0000    0.0000         0
    (12, 12)     0.5472    0.5800    0.5631        50
    (12, 13)     0.5652    0.4815    0.5200        27
    (12, 14)     0.6400    0.6667    0.6531        24
    (12, 15)     0.6667    0.6250    0.6452        16
    (12, 16)     0.7000    0.5833    0.6364        12
    (12, 17)     0.5385    0.8750    0.6667         8
    (12, 18)     0.5000    0.5000    0.5000         2
    (12, 19)     0.0000    0.0000    0.0000         0
    (12, 20)     0.0000    0.0000    0.0000         2
    (12, 21)     0.0000    0.0000    0.0000         1
    (12, 22)     0.0000    0.0000    0.0000         1
    (12, 31)     1.0000    1.0000    1.0000         1
    (12, 32)     0.0000    0.0000    0.0000         0
    (13, 13)     0.4878    0.5556    0.5195        36
    (13, 14)     0.5625    0.4286    0.4865        21
    (13, 15)     0.7391    0.7727    0.7556        22
    (13, 16)     0.8333    0.7143    0.7692        14
    (13, 17)     0.8667    0.8125    0.8387        16
    (13, 18)     0.5000    1.0000    0.6667         3
    (13, 19)     0.7500    1.0000    0.8571         3
    (13, 20)     0.0000    0.0000    0.0000         0
    (13, 21)     0.0000    0.0000    0.0000         2
    (13, 22)     0.3333    1.0000    0.5000         1
    (13, 23)     0.5000    0.5000    0.5000         2
    (13, 35)     1.0000    1.0000    1.0000         1
    (14, 14)     0.4074    0.4783    0.4400        23
    (14, 15)     0.5833    0.5000    0.5385        14
    (14, 16)     0.7143    0.6667    0.6897        15
    (14, 17)     0.6154    0.6667    0.6400        12
    (14, 18)     0.7500    1.0000    0.8571         3
    (14, 19)     1.0000    0.5714    0.7273         7
    (14, 20)     0.5000    0.3333    0.4000         3
    (14, 21)     1.0000    0.6667    0.8000         3
    (14, 22)     0.5000    0.5000    0.5000         2
    (14, 23)     1.0000    1.0000    1.0000         1
    (14, 24)     0.0000    0.0000    0.0000         0
    (14, 26)     1.0000    1.0000    1.0000         1
    (15, 15)     0.3235    0.5500    0.4074        20
    (15, 16)     0.4444    0.4000    0.4211        10
    (15, 17)     0.8095    0.7727    0.7907        22
    (15, 18)     0.7143    0.5556    0.6250         9
    (15, 19)     0.5714    0.5714    0.5714         7
    (15, 20)     0.6667    1.0000    0.8000         2
    (15, 21)     0.3333    1.0000    0.5000         1
    (15, 22)     0.0000    0.0000    0.0000         1
    (15, 23)     0.0000    0.0000    0.0000         0
    (15, 26)     0.0000    0.0000    0.0000         0
    (15, 28)     0.0000    0.0000    0.0000         0
    (16, 16)     0.2308    0.2308    0.2308        13
    (16, 17)     0.6667    0.5000    0.5714         4
    (16, 18)     0.7500    0.3529    0.4800        17
    (16, 19)     0.5000    0.3750    0.4286         8
    (16, 20)     1.0000    0.6667    0.8000         6
    (16, 21)     0.0000    0.0000    0.0000         1
    (16, 22)     0.5000    1.0000    0.6667         1
    (16, 23)     0.0000    0.0000    0.0000         0
    (16, 24)     0.0000    0.0000    0.0000         1
    (16, 26)     0.0000    0.0000    0.0000         0
    (16, 28)     0.0000    0.0000    0.0000         0
    (17, 17)     0.3750    0.4286    0.4000         7
    (17, 18)     0.5000    0.1667    0.2500         6
    (17, 19)     0.5000    0.6000    0.5455        10
    (17, 20)     0.5000    0.3333    0.4000         3
    (17, 21)     0.2500    0.2500    0.2500         4
    (17, 22)     0.5000    0.3333    0.4000         3
    (17, 23)     0.0000    0.0000    0.0000         1
    (17, 25)     1.0000    1.0000    1.0000         1
    (17, 27)     0.0000    0.0000    0.0000         1
    (17, 32)     0.0000    0.0000    0.0000         1
    (17, 36)     0.0000    0.0000    0.0000         0
    (18, 18)     0.2857    0.4000    0.3333         5
    (18, 19)     1.0000    0.3333    0.5000         3
    (18, 20)     0.6667    0.5714    0.6154         7
    (18, 21)     0.5714    1.0000    0.7273         4
    (18, 22)     0.5000    1.0000    0.6667         1
    (18, 23)     1.0000    1.0000    1.0000         1
    (18, 25)     0.3333    1.0000    0.5000         1
    (19, 19)     0.2500    1.0000    0.4000         1
    (19, 20)     0.6667    0.4000    0.5000         5
    (19, 21)     1.0000    0.6000    0.7500        10
    (19, 22)     0.0000    0.0000    0.0000         0
    (19, 23)     0.0000    0.0000    0.0000         2
    (19, 24)     0.0000    0.0000    0.0000         1
    (19, 26)     0.0000    0.0000    0.0000         0
    (20, 20)     0.6667    0.8000    0.7273         5
    (20, 21)     1.0000    0.3333    0.5000         3
    (20, 22)     0.8000    1.0000    0.8889         4
    (20, 23)     1.0000    0.5000    0.6667         2
    (20, 24)     0.6667    1.0000    0.8000         2
    (20, 25)     1.0000    1.0000    1.0000         1
    (20, 26)     0.0000    0.0000    0.0000         1
    (20, 27)     0.0000    0.0000    0.0000         1
    (20, 32)     0.0000    0.0000    0.0000         0
    (21, 21)     0.0000    0.0000    0.0000         1
    (21, 22)     0.0000    0.0000    0.0000         1
    (21, 23)     0.6667    1.0000    0.8000         2
    (21, 25)     0.0000    0.0000    0.0000         2
    (21, 27)     1.0000    0.5000    0.6667         2
    (21, 30)     1.0000    1.0000    1.0000         1
    (21, 31)     0.0000    0.0000    0.0000         0
    (22, 22)     1.0000    0.6667    0.8000         3
    (22, 23)     0.0000    0.0000    0.0000         2
    (22, 24)     1.0000    1.0000    1.0000         2
    (22, 25)     1.0000    1.0000    1.0000         2
    (22, 26)     0.0000    0.0000    0.0000         2
    (23, 23)     0.0000    0.0000    0.0000         0
    (23, 25)     1.0000    0.2500    0.4000         4
    (23, 40)     0.0000    0.0000    0.0000         0
    (24, 25)     0.0000    0.0000    0.0000         1
    (24, 28)     0.0000    0.0000    0.0000         1
    (25, 27)     0.5000    1.0000    0.6667         1
    (25, 43)     0.0000    0.0000    0.0000         0
    (26, 26)     0.0000    0.0000    0.0000         1
    (26, 29)     1.0000    1.0000    1.0000         1
    (27, 29)     1.0000    1.0000    1.0000         1
    (28, 28)     0.0000    0.0000    0.0000         1
    (28, 29)     0.0000    0.0000    0.0000         0
    (28, 30)     0.0000    0.0000    0.0000         0
    (31, 34)     0.5000    1.0000    0.6667         1
    (32, 37)     0.0000    0.0000    0.0000         1
    (34, 34)     0.0000    0.0000    0.0000         0
    (38, 38)     0.0000    0.0000    0.0000         0
     (4, 10)     0.0000    0.0000    0.0000         2
     (4, 11)     0.0000    0.0000    0.0000         1
     (4, 15)     0.0000    0.0000    0.0000         0
     (4, 22)     0.0000    0.0000    0.0000         1
     (4, 24)     0.0000    0.0000    0.0000         1
     (4, 25)     0.0000    0.0000    0.0000         1
      (4, 4)     0.6667    0.2000    0.3077        10
      (4, 5)     0.0000    0.0000    0.0000         9
      (4, 6)     1.0000    0.1000    0.1818        10
      (4, 7)     0.5000    0.2308    0.3158        13
      (4, 8)     0.5000    0.2000    0.2857         5
      (4, 9)     0.0000    0.0000    0.0000         3
     (5, 10)     0.5000    0.3333    0.4000         3
     (5, 11)     0.0000    0.0000    0.0000         1
     (5, 13)     0.0000    0.0000    0.0000         1
     (5, 16)     0.0000    0.0000    0.0000         0
     (5, 17)     0.0000    0.0000    0.0000         1
     (5, 20)     0.0000    0.0000    0.0000         0
      (5, 5)     1.0000    0.1429    0.2500         7
      (5, 6)     0.0000    0.0000    0.0000         6
      (5, 7)     1.0000    0.0909    0.1667        11
      (5, 8)     1.0000    0.2000    0.3333         5
      (5, 9)     0.0000    0.0000    0.0000         0
     (6, 10)     0.5714    0.8000    0.6667         5
     (6, 11)     1.0000    1.0000    1.0000         1
     (6, 12)     1.0000    1.0000    1.0000         2
     (6, 13)     0.0000    0.0000    0.0000         0
     (6, 14)     0.0000    0.0000    0.0000         0
      (6, 6)     0.0769    0.2500    0.1176         4
      (6, 7)     1.0000    0.0909    0.1667        11
      (6, 8)     0.6667    0.2857    0.4000         7
      (6, 9)     0.5714    0.4000    0.4706        10
     (7, 10)     0.5556    0.6250    0.5882         8
     (7, 11)     0.4167    0.7143    0.5263         7
     (7, 12)     0.3333    0.5000    0.4000         2
     (7, 13)     0.5000    1.0000    0.6667         1
     (7, 14)     0.0000    0.0000    0.0000         1
     (7, 15)     1.0000    1.0000    1.0000         1
     (7, 18)     0.0000    0.0000    0.0000         0
     (7, 23)     0.0000    0.0000    0.0000         0
      (7, 7)     0.3043    0.4118    0.3500        17
      (7, 8)     0.7647    0.5909    0.6667        22
      (7, 9)     0.5333    0.7273    0.6154        11
     (8, 10)     0.5833    0.5833    0.5833        24
     (8, 11)     0.7500    0.6667    0.7059        18
     (8, 12)     0.5625    0.9000    0.6923        10
     (8, 13)     0.4444    0.8000    0.5714         5
     (8, 14)     0.5000    1.0000    0.6667         1
     (8, 15)     0.5000    0.3333    0.4000         3
     (8, 16)     0.0000    0.0000    0.0000         0
     (8, 17)     1.0000    0.5000    0.6667         2
     (8, 19)     0.0000    0.0000    0.0000         0
     (8, 20)     1.0000    1.0000    1.0000         1
     (8, 22)     0.0000    0.0000    0.0000         0
     (8, 23)     0.0000    0.0000    0.0000         0
     (8, 26)     0.0000    0.0000    0.0000         0
      (8, 8)     0.3333    0.3250    0.3291        40
      (8, 9)     0.6190    0.4194    0.5000        31
     (9, 10)     0.6000    0.3947    0.4762        38
     (9, 11)     0.6818    0.6977    0.6897        43
     (9, 12)     0.7143    0.6410    0.6757        39
     (9, 13)     0.6429    0.6000    0.6207        15
     (9, 14)     0.6923    0.7500    0.7200        12
     (9, 15)     0.3636    1.0000    0.5333         4
     (9, 16)     0.0000    0.0000    0.0000         1
     (9, 17)     1.0000    1.0000    1.0000         2
     (9, 18)     0.0000    0.0000    0.0000         0
     (9, 20)     1.0000    1.0000    1.0000         1
     (9, 23)     0.0000    0.0000    0.0000         1
      (9, 9)     0.2857    0.5714    0.3810        28

    accuracy                         0.5198      1468
   macro avg     0.4264    0.4136    0.3937      1468
weighted avg     0.5690    0.5198    0.5197      1468
